01001001 01110100 00100000 01110111 01100001 01110011 00100000 01110111
01100101 00101100 00100000 01110100 01101000 01100101 00100000 01110000
01100101 01101111 01110000 01101100 01100101 00111011 00100000 01101110 01101111
01110100 00100000 01110111 01100101 00101100 00100000 01110100 01101000
01100101 00100000 01110111 01101000 01101001 01110100 01100101 00100000
01101101 01100001 01101100 01100101 00100000 01100011 01101001 01110100
01101001 01111010 01100101 01101110 01110011 00111011 00100000 01101110 01101111
01110010 00100000 01111001 01100101 01110100 00100000 01110111 01100101
00101100 00100000 01110100 01101000 01100101 00100000 01101101 01100001
01101100 01100101 00100000 01100011 01101001 01110100 01101001 01111010 01100101
01101110 01110011 00111011 00100000 01100010 01110101 01110100 00100000 01110111
01100101 00101100 00100000 01110100 01101000 01100101 00100000 01110111
01101000 01101111 01101100 01100101 00100000 01110000 01100101 01101111 01110000
01101100 01100101 00101100 00100000 01110111 01101000 01101111 00100000
01100110 01101111 01110010 01101101 01100101 01100100 00100000 01110100
01101000 01100101 00100000 01010101 01101110 01101001 01101111 01101110 00101110
