01001100 01100101 01110100 00100000 01110101 01110011
00100000 01110000 01110101 01110100 00100000 01101111
01110101 01110010 00100000 01101101 01101001 01101110 01100100
01110011 00100000 01110100 01101111 01100111 01100101 01110100
01101000 01100101 01110010 00100000 01100001 01101110
01100100 00100000 01110011 01100101 01100101 00100000
01110111 01101000 01100001 01110100 00100000 01101100
01101001 01100110 01100101 00100000 01110111 01100101
00100000 01100011 01100001 01101110 00100000 01101101
01100001 01101011 01100101 00100000 01100110 01101111 01110010
00100000 01101111 01110101 01110010 00100000 01100011
01101000 01101001 01101100 01100100 01110010 01100101 01101110
