00100000 01101100 01100101 01110100 00100000 01101101
01100101 00100000 01100001 01110011 01110011 01100101 01110010
01110100 00100000 01101101 01111001 00100000 01100110 01101001
01110010 01101101 00100000 01100010 01100101 01101100 01101001
01100101 01100110 00100000 01110100 01101000 01100001
01110100 00100000 01110100 01101000 01100101 00100000
01101111 01101110 01101100 01111001 00100000 01110100 01101000
01101001 01101110 01100111 00100000 01110111 01100101 00100000
01101000 01100001 01110110 01100101 00100000 01110100 01101111
00100000 01100110 01100101 01100001 01110010 00100000
01101001 01110011 00100000 01100110 01100101 01100001 01110010
00100000 01101001 01110100 01110011 01100101 01101100 01100110
