01010111 01100101 00100000 01101000 01101111 01101100
01100100 00100000 01110100 01101000 01100101 01110011
01100101 00100000 01110100 01110010 01110101 01110100
01101000 01110011 00100000 01110100 01101111 00100000
01100010 01100101 00100000 01110011 01100101 01101100
01100110 00101101 01100101 01110110 01101001 01100100 01100101
01101110 01110100 00101100 00100000 01110100 01101000
01100001 01110100 00100000 01100001 01101100 01101100
00100000 01101101 01100101 01101110 00100000 01100001
01110010 01100101 00100000 01100011 01110010 01100101
01100001 01110100 01100101 01100100 00100000 01100101
01110001 01110101 01100001 01101100 00101110 00101110 00101110
