01100001 01110011 01101011 00100000 01101110 01101111 01110100
00100000 01110111 01101000 01100001 01110100 00100000
01111001 01101111 01110101 01110010 00100000 01100011 01101111
01110101 01101110 01110100 01110010 01111001 00100000 01100011
01100001 01101110 00100000 01100100 01101111 00100000
01100110 01101111 01110010 00100000 01111001 01101111 01110101
00101100 00100000 01100001 01110011 01101011 00100000
01110111 01101000 01100001 01110100 00100000 01111001 01101111
01110101 00100000 01100011 01100001 01101110 00100000
01100100 01101111 00100000 01100110 01101111 01110010
00100000 01111001 01101111 01110101 01110010 00100000
01100011 01101111 01110101 01101110 01110100 01110010 01111001
