01010111 01100101 00100000 01110100 01101000 01100101
00100000 01010000 01100101 01101111 01110000 01101100
01100101 00100000 01101111 01100110 00100000 01110100
01101000 01100101 00100000 01010101 01101110 01101001
01110100 01100101 01100100 00100000 01010011 01110100
01100001 01110100 01100101 01110011 00101100 00100000
01101001 01101110 00100000 01001111 01110010 01100100
01100101 01110010 00100000 01110100 01101111 00100000
01100110 01101111 01110010 01101101 00100000 01100001
00100000 01101101 01101111 01110010 01100101 00100000
01110000 01100101 01110010 01100110 01100101 01100011
01110100 00100000 01010101 01101110 01101001 01101111 01101110
