01000110 01110010 01100101 01100101 01100100 01101111 01101101
00100000 01101101 01100001 01101011 01100101 01110011
00100000 01100001 00100000 01101000 01110101 01100111
01100101 00100000 01110010 01100101 01110001 01110101 01101001
01110010 01100101 01101101 01100101 01101110 01110100 00100000
01101111 01100110 00100000 01100101 01110110 01100101 01110010
01111001 00100000 01101000 01110101 01101101 01100001 01101110
00100000 01100010 01100101 01101001 01101110 01100111 00101110
00100000 01010111 01101001 01110100 01101000 00100000 01100110
01110010 01100101 01100101 01100100 01101111 01101101 00100000
01100011 01101111 01101101 01100101 01110011 00100000 01110010
01100101 01110011 01110000 01101111 01101110 01110011 01101001
01100010 01101001 01101100 01101001 01110100 01111001 00101110
